-1.311
-0.22659
-0.16079
-0.21062
-2.0694
0.075532
-0.076502
0.18854
0.1242
-0.018118
-0.26718
0.66237
-0.17913
0.19606
-0.63958
0.040907
0.21831
0.029015
-0.037126
0.096352
-0.5405
0.17096
-0.021256
-0.71081
0.25061
0.011948
-0.17528
0.28846
0.075071
-1.096
0.24627
0.2999
-0.10478
0.050073
0.055877
-0.38072
-0.40222
1.6398
-0.14056
-0.27131
-0.048924
0.071033
-0.076741
-0.15041
-0.02128
0.036262
0.58327
0.061023
-0.038899
0.24219
-0.73612
-0.10446
-0.28191
-0.48334
0.41245
-0.030228
-0.15497
0.017957
