-0.14888
-0.15195
0.036071
-0.18634
0.12225
-0.11242
0.15055
0.017642
-0.2871
-0.15714
0.27833
0.015864
-0.013118
0.13299
0.0066129
-0.049315
-0.020406
-0.030774
-0.076044
0.28383
-0.64308
0.0094936
0.01013
0.089766
-0.0217
-0.025543
-0.083252
0.069809
0.076633
0.0058354
0.12468
0.020033
0.057107
0.073153
-0.089951
0.0012882
0.17158
-0.0057609
-1.1298
-0.074707
0.14056
0.092788
1.1004
0.068073
-0.022418
0.018582
-0.060214
-0.13372
0.63731
-0.026657
0.18846
0.14579
0.0014628
0.10016
-0.21811
-0.054335
0.1472
-0.016169
-0.056507
-0.06803
-0.062252
0.19464
0.13343
0.21437
0.036711
0.90439
-0.096435
-0.089321
0.078455
0.18564
-0.19723
0.057069
-0.046259
0.152
0.11575
