-0.77009
-0.020982
-0.1387
-0.40283
-0.31503
-0.012498
0.23867
-0.20042
-0.25556
-0.23947
-0.19091
0.46615
-0.054397
-0.3193
-0.25754
-0.43285
0.29275
-2.7727
-0.0091916
-0.24781
-1.3387
-0.21644
-0.31477
-0.010381
0.10421
0.010833
0.35599
0.1787
0.50028
0.42185
-0.017876
-0.11091
-0.18237
1.2381
0.008592
0.10739
0.21737
-0.15903
-0.43715
-0.59087
-0.25571
-0.20152
1.2027
0.1451
-0.31429
0.48628
0.070762
-0.46929
-0.14483
0.1749
-0.27961
-0.25781
-0.41254
-0.18618
-0.19126
-0.61023
-0.0029995
-0.10916
-0.66165
-0.11466
-0.37259
-0.30908
-0.10523
1.019
-0.16587
0.025031
-0.06017
-0.12591
1.7341
-0.35852
-0.21054
-0.56148
-0.25613
0.48718
-0.23979
-0.15579
-0.30108
