-0.13637
0.43887
-1.5609
-0.20273
-0.27444
-0.11335
-0.17141
-0.19038
-0.1539
-0.20044
-0.16729
0.25927
-0.29156
-0.23321
0.50988
0.27271
0.29345
-0.061441
0.40142
0.14901
-0.26402
-0.24983
0.13711
0.13899
-0.15276
0.065768
-0.15487
-0.096358
-0.16505
-0.20352
-0.16468
-0.17806
-0.18103
-0.059542
-0.18381
-0.2094
-0.12316
-0.028125
-0.062444
0.019969
-0.19203
-0.24454
-0.10361
-0.19704
-0.022498
-0.084981
-0.20127
0.21799
0.12464
-0.2363
-0.11728
-0.22045
0.50638
-0.1011
0.066373
-0.19821
0.26734
-0.25589
-0.16285
0.18837
0.45281
0.3436
0.037087
-0.21772
-0.11585
0.093855
-0.028379
-0.099813
-0.017089
-0.068351
0.28227
1.2777
-0.24051
0.087006
-0.25397
0.44395
0.088644
-0.10551
0.032306
0.29596
-0.16929
-0.14791
0.35429
-0.0127
-0.1651
-0.6622
-0.067708
-0.2599
-0.12967
-0.060235
-0.21593
-0.28201
0.18815
-0.12493
-0.0028906
