-0.06251
-0.042501
-2.7267
-0.052732
-0.049972
0.3009
-0.14944
0.052052
-0.045457
-0.046629
-0.025493
-0.11727
1.1193
-0.14276
-0.073538
0.085671
-0.095354
-2.7027
-0.13543
0.33592
0.5958
-0.17341
0.08326
-0.084395
0.28505
-0.19139
-0.095231
-0.11178
0.30798
0.19552
-0.3255
0.008269
0.096679
-0.015858
-0.18581
-0.22251
1.6286
0.028806
-0.39105
-0.22125
-0.15682
0.27761
-0.016366
-0.019946
-0.046897
0.041497
0.023456
-0.021692
-0.24694
-0.25104
-0.12302
-1.6912
-0.041042
-0.16347
-0.13294
0.084024
0.020838
0.01422
-0.13113
0.18283
0.12432
-0.074277
-0.0015771
-0.032951
3.6212
0.12194
0.24531
0.47493
0.10405
-0.02633
-0.020385
-0.071584
-0.085352
-0.080516
0.23125
0.010423
-0.10448
-0.096528
-0.37727
-0.088315
0.24006
-0.059023
-0.10514
-0.064381
-0.089416
-0.12894
1.4731
-0.016956
-0.14311
0.82629
0.11428
1.1877
-0.22473
-0.23326
-0.21221
-0.094646
